Maximization (statistics of the population)
#		Max		Mean		min

0		51893		48555.9		47373
1		54385		50079.1		48680
2		54828		51792.3		50259
3		56738		53756.8		52357
4		57321		55046.3		53641
5		57321		56105.9		55320
6		57632		56896.5		56738
7		57964		57167.3		56745
8		57999		57479.7		57321
9		57999		57719.9		57527
10		58960		57937.9		57752
11		58960		58217.2		57838
12		60046		58813.4		58158
13		60046		59243.9		58960
14		60284		59883.0		59514
15		60284		60106.8		60022
16		60866		60322.8		60104
17		60866		60416.7		60234
18		60866		60664.2		60610
19		61052		60707.3		60634
20		61272		60828.3		60670
21		61414		61000.2		60866
22		61520		61184.5		61052
23		61690		61393.1		61248
24		61690		61492.9		61414
25		62052		61625.4		61520
26		62052		61770.2		61648
27		62300		62002.4		61846
28		62300		62101.6		62052
29		62300		62194.5		62052
30		62304		62300.2		62300
31		62304		62300.4		62300
32		62304		62301.0		62300
33		62304		62302.2		62300
34		62788		62328.2		62304
35		62788		62335.0		62304
36		62788		62445.4		62304
37		62788		62611.0		62304
38		62788		62788.0		62788
39		63024		62799.8		62788
40		63024		62799.8		62788
41		63784		62873.2		62788
42		63784		62980.8		62788
43		64126		63294.1		63024
44		64126		63547.2		63130
45		64126		63857.2		63784
46		65400		64038.1		63784
47		65400		64314.9		64042
48		65742		64649.7		64126
49		65854		65387.2		64392
50		65854		65492.8		65400
51		65854		65629.1		65400
52		65854		65798.0		65742
53		65854		65854.0		65854
54		65854		65854.0		65854
55		65854		65854.0		65854
56		66512		65886.9		65854
57		66512		65927.7		65854
58		66512		66007.7		65854
59		66638		66364.4		66012
60		66688		66557.1		66512
61		66796		66615.8		66512
62		66966		66709.3		66670
63		66966		66776.9		66670
64		67142		66865.1		66796
65		67258		66981.1		66854
66		67338		67132.5		66966
67		67338		67178.8		67142
68		67940		67283.3		67150
69		67940		67403.6		67258
70		70038		67710.4		67338
71		70038		68188.7		67742
72		70934		68715.3		67948
73		70934		70111.4		68836
74		71810		70595.4		70038
75		71810		71180.0		70934
76		71810		71496.8		70934
77		71810		71810.0		71810
78		72018		71820.4		71810
79		72018		71820.4		71810
80		72018		71835.9		71810
81		72018		71872.3		71810
82		72122		71939.9		71810
83		72770		72066.0		72018
84		72770		72086.8		72018
85		72770		72168.8		72018
86		72874		72359.6		72122
87		73028		72685.3		72178
88		73090		72905.7		72770
89		73132		72998.6		72874
90		73236		73083.7		73028
91		73348		73188.3		73082
92		73348		73273.6		73236
93		73348		73322.1		73236
94		73556		73372.8		73340
95		73660		73420.8		73348
96		73660		73509.2		73452
97		74224		73631.0		73452
98		74224		73724.4		73660
99		74704		73882.4		73660
100		74704		74153.0		73924
101		75268		74443.0		74224
102		75268		74697.4		74452
103		75482		74827.5		74704
104		75482		74989.9		74704
105		76046		75425.1		75268
106		76046		75632.3		75356
107		76134		76009.5		75528
108		76134		76112.0		76046
109		76134		76134.0		76134
110		76174		76136.0		76134
111		76174		76136.0		76134
112		76414		76148.0		76134
113		76884		76185.5		76134
114		76884		76231.7		76134
115		77142		76421.9		76134
116		77142		76684.3		76374
117		78186		77024.7		76884
118		78186		77136.9		76884
119		78426		77447.1		77142
120		78426		77875.6		77142
121		78426		78168.3		77892
122		78426		78294.0		78186
123		78426		78426.0		78426
124		78426		78426.0		78426
125		78998		78454.6		78426
126		78998		78540.4		78426
127		78998		78654.8		78426
128		78998		78998.0		78998
129		79552		79025.7		78998
130		79552		79028.9		78998
131		79552		79155.1		78998
132		79658		79545.1		79308
133		79658		79557.9		79552
134		79658		79563.8		79552
135		79658		79573.3		79552
136		80224		79620.5		79564
137		80546		79730.8		79564
138		80546		79944.9		79658
139		81772		80435.1		80224
140		81772		81148.0		80546
141		82114		81683.8		81206
142		82114		81789.1		81772
143		82114		81789.1		81772
144		82114		81840.4		81772
145		82358		81989.4		81772
146		82700		82179.9		82114
147		82700		82320.8		82114
148		82700		82636.5		82358
149		82700		82700.0		82700
150		83616		82745.8		82700
151		83616		82745.8		82700
152		83616		82759.4		82700
153		83616		82805.2		82700
154		83616		83002.0		82700
155		83888		83533.0		82972
156		83888		83670.4		83616
157		83888		83792.8		83616
158		84090		83898.1		83888
159		84486		83928.0		83888
160		84486		83946.8		83888
161		84486		84084.8		83888
162		84960		84355.1		84090
163		84960		84603.3		84362
164		85394		84895.8		84486
165		85394		85068.5		84960
166		86030		85273.9		84960
167		86718		85460.2		85394
168		86718		85485.9		85394
169		86718		85739.4		85394
170		86718		86304.3		86030
171		86718		86718.0		86718
172		86718		86718.0		86718
173		86718		86718.0		86718
174		87096		86736.9		86718
175		87096		86793.6		86718
176		87096		86869.2		86718
177		87096		87039.3		86718
178		87096		87096.0		87096
179		87250		87103.7		87096
180		87810		87139.4		87096
181		87964		87249.3		87096
182		87964		87360.3		87096
183		87964		87586.5		87250
184		87964		87948.6		87810
185		88444		87988.0		87964
186		88444		88012.0		87964
187		88444		88108.0		87964
188		88884		88466.0		88444
189		88884		88488.0		88444
190		88884		88544.9		88444
191		88884		88724.7		88444
192		89248		88928.0		88884
193		89248		88997.8		88884
194		89248		89173.8		89142
195		90256		89266.6		89142
196		90256		89399.2		89248
197		90256		89399.2		89248
198		90716		89679.5		89248
199		90724		90347.5		89602
200		90724		90557.5		90362
201		91078		90736.9		90716
202		91136		90868.5		90724
203		91236		91056.3		90724
204		91236		91100.4		91078
205		91236		91131.5		91078
206		91236		91156.0		91136
207		91294		91189.7		91136
208		91294		91254.2		91136
209		91294		91283.8		91236
210		91322		91295.4		91294
211		91322		91299.6		91294
212		91452		91320.1		91294
213		91900		91365.3		91322
214		91900		91453.3		91322
215		91928		91669.0		91452
216		92058		91850.5		91480
217		92086		91952.1		91900
218		92086		92045.5		91928
219		92086		92073.4		92058
220		92280		92095.7		92086
221		92308		92119.9		92086
222		93260		92211.1		92086
223		93260		92374.2		92126
224		93260		92592.2		92308
225		93260		92922.6		92308
226		93260		93260.0		93260
227		94368		93315.4		93260
228		94368		93450.3		93260
229		94368		93599.9		93260
230		95328		94207.2		93742
231		95328		94584.7		94368
232		95328		94849.4		94368
233		95810		95043.6		94850
234		95810		95407.5		94894
235		95810		95810.0		95810
236		95836		95811.3		95810
237		95836		95812.6		95810
238		96092		95829.3		95810
239		96092		95883.3		95810
240		96092		95964.0		95836
241		96092		96092.0		96092
242		96360		96105.4		96092
243		96360		96145.6		96092
244		96360		96226.0		96092
245		96360		96360.0		96360
246		96360		96360.0		96360
247		96360		96360.0		96360
248		96360		96360.0		96360
249		96360		96360.0		96360
250		96628		96373.4		96360
251		96628		96400.2		96360
252		96628		96453.8		96360
253		96628		96628.0		96628
254		96968		96648.6		96628
255		97174		96717.1		96628
256		97254		96994.1		96700
257		97514		97190.5		96968
258		97728		97382.6		97182
259		99084		97635.2		97468
260		99084		97987.7		97514
261		99630		98515.2		98014
262		99684		99203.6		98584
263		100184		99641.0		99344
264		100184		99856.8		99684
265		100184		100106.8		99684
266		101200		100269.8		100184
267		101200		100339.8		100184
268		101200		100667.2		100534
269		101550		100953.4		100534
270		101550		101322.5		101200
271		102268		101550.9		101200
272		102268		101611.2		101550
273		102268		101679.3		101550
274		102268		101735.9		101550
275		102268		101966.0		101688
276		102268		102257.4		102056
277		102268		102268.0		102268
278		103032		102306.2		102268
279		103032		102344.4		102268
280		103032		102636.8		102268
281		103032		103032.0		103032
282		103032		103032.0		103032
283		103032		103032.0		103032
284		103272		103044.0		103032
285		103272		103056.0		103032
286		103272		103068.0		103032
287		104360		103194.4		103032
288		104360		103444.1		103272
289		104360		103576.5		103272
290		104778		104211.8		103272
291		105018		104683.4		104360
292		105018		104803.0		104778
293		105018		104828.0		104778
294		105018		104880.0		104778
295		105038		105003.8		104798
296		105038		105022.0		105018
297		105598		105055.0		105018
298		105598		105122.0		105038
299		105618		105263.0		105038
300		105618		105601.0		105598
301		105618		105604.0		105598
302		105618		105610.0		105598
303		105618		105618.0		105618
304		105618		105618.0		105618
305		105618		105618.0		105618
306		105618		105618.0		105618
307		105618		105618.0		105618
308		105618		105618.0		105618
309		105618		105618.0		105618
310		105618		105618.0		105618
311		105618		105618.0		105618
312		105702		105622.2		105618
313		105702		105630.6		105618
314		105702		105639.8		105618
315		105804		105666.7		105618
316		106510		105758.5		105702
317		106510		105769.9		105702
318		106594		105869.9		105702
319		106594		105964.9		105846
320		106594		106160.7		105888
321		106594		106475.4		106308
322		106738		106610.1		106594
323		106768		106639.9		106594
324		106768		106713.3		106594
325		106912		106761.6		106738
326		106912		106800.6		106738
327		106912		106879.6		106768
328		107714		106948.1		106872
329		107714		106995.4		106912
330		107754		107137.1		106912
331		107754		107540.7		106976
332		107950		107765.6		107714
333		107950		107783.4		107754
334		107950		107812.8		107754
335		107950		107881.4		107754
336		107950		107950.0		107950
337		107950		107950.0		107950
338		107950		107950.0		107950
339		107950		107950.0		107950
340		107950		107950.0		107950
341		107950		107950.0		107950
342		107950		107950.0		107950
343		107950		107950.0		107950
344		107950		107950.0		107950
345		107950		107950.0		107950
346		108412		107973.1		107950
347		108412		108019.3		107950
348		108412		108125.1		107950
349		108680		108230.9		107950
350		109180		108477.2		108412
351		109180		108554.0		108412
352		109180		108759.4		108412
353		109448		109168.4		108680
354		109448		109206.8		109180
355		109448		109260.4		109180
356		109448		109381.0		109180
357		109448		109448.0		109448
358		109448		109448.0		109448
359		109448		109448.0		109448
360		109448		109448.0		109448
361		109448		109448.0		109448
362		109448		109448.0		109448
363		109448		109448.0		109448
364		109448		109448.0		109448
365		109448		109448.0		109448
366		109704		109460.8		109448
367		109704		109473.6		109448
368		109790		109580.3		109448
369		109790		109716.9		109704
370		110046		109751.2		109704
371		110046		109862.5		109704
372		110046		109982.0		109790
373		110134		110050.4		110046
374		110134		110050.4		110046
375		110134		110054.8		110046
376		110186		110070.6		110046
377		110186		110099.6		110046
378		110274		110161.0		110134
379		110274		110243.2		110186
380		110274		110274.0		110274
381		110274		110274.0		110274
382		110616		110291.1		110274
383		110880		110372.7		110274
384		110880		110505.6		110274
385		111092		110705.8		110616
386		111222		110998.6		110616
387		111698		111261.8		111092
388		111698		111443.5		111222
389		112196		111672.5		111434
390		112196		111952.9		111698
391		112196		112110.2		112040
392		113162		112244.3		112196
393		113162		112244.3		112196
394		113162		112389.2		112196
395		113162		112630.7		112196
396		113162		113162.0		113162
397		113162		113162.0		113162
398		113162		113162.0		113162
399		113162		113162.0		113162
400		113528		113180.3		113162
401		113528		113198.6		113162
402		113528		113253.5		113162
403		114514		113394.3		113162
404		114880		113694.2		113528
405		114880		113928.0		113528
406		114880		114530.8		113528
407		114880		114880.0		114880
408		114880		114880.0		114880
409		114880		114880.0		114880
410		114880		114880.0		114880
411		115694		114920.7		114880
412		115694		114920.7		114880
413		115694		114961.4		114880
414		115694		115205.6		114880
415		115694		115694.0		115694
416		115694		115694.0		115694
417		115694		115694.0		115694
418		116156		115717.1		115694
419		116156		115740.2		115694
420		116156		115793.4		115694
421		116156		116070.6		115694
422		116336		116165.0		116156
423		116336		116207.7		116156
424		116336		116295.8		116156
425		116336		116336.0		116336
426		116636		116351.0		116336
427		116636		116366.0		116336
428		116636		116426.0		116336
429		116636		116606.0		116336
430		116636		116636.0		116636
431		116636		116636.0		116636
432		116636		116636.0		116636
433		117034		116655.9		116636
434		116636		116636.0		116636
435		116636		116636.0		116636
436		116700		116639.2		116636
437		116700		116642.4		116636
438		116700		116648.8		116636
439		116700		116664.8		116636
440		116700		116700.0		116700
441		116700		116700.0		116700
442		118456		116787.8		116700
443		118456		116787.8		116700
444		118456		116787.8		116700
445		118456		116877.2		116700
446		118456		117140.6		116700
447		118456		117756.9		116700
448		118489		118457.6		118456
449		118918		118484.1		118456
450		118918		118518.8		118456
451		119061		118603.4		118489
452		119061		118848.1		118489
453		119061		118980.1		118918
454		119061		119061.0		119061
455		119061		119061.0		119061
456		119061		119061.0		119061
457		119127		119064.3		119061
458		119919		119110.5		119061
459		119985		119262.3		119061
460		119985		119608.8		119127
461		119985		119942.1		119919
462		119985		119978.4		119919
463		119985		119985.0		119985
464		119985		119985.0		119985
465		120267		119999.1		119985
466		120267		120041.4		119985
467		120267		120111.9		119985
468		120267		120267.0		120267
469		120267		120267.0		120267
470		120267		120267.0		120267
471		120267		120267.0		120267
472		120267		120267.0		120267
473		120267		120267.0		120267
474		121349		120321.1		120267
475		121349		120321.1		120267
476		121349		120354.9		120267
477		122011		120692.3		120267
478		122011		121394.9		120943
479		122011		121586.3		121349
480		122295		122003.6		121867
481		122295		122039.4		122011
482		122295		122096.2		122011
483		122295		122195.6		122011
484		122295		122295.0		122295
485		122295		122295.0		122295
486		122295		122295.0		122295
487		122605		122310.5		122295
488		122295		122295.0		122295
489		122295		122295.0		122295
490		122295		122295.0		122295
491		122295		122295.0		122295
492		122295		122295.0		122295
493		122295		122295.0		122295
494		122295		122295.0		122295
495		122295		122295.0		122295
496		122295		122295.0		122295
497		122295		122295.0		122295
498		122295		122295.0		122295
499		122295		122295.0		122295
500		122295		122295.0		122295
501		122295		122295.0		122295
502		122295		122295.0		122295
503		122295		122295.0		122295
504		122295		122295.0		122295
505		122351		122297.8		122295
506		122351		122300.6		122295
507		122901		122333.7		122295
508		122901		122372.4		122295
509		122901		122403.7		122295
510		122901		122561.3		122351
511		122901		122901.0		122901
512		123183		122915.1		122901
513		123229		122959.7		122901
514		123229		123002.0		122901
515		123229		123150.9		122901
516		123465		123257.8		123183
517		123465		123302.4		123229
518		123655		123432.2		123229
519		123983		123561.4		123465
520		123983		123717.4		123511
521		123983		123929.2		123701
522		124455		124006.6		123983
523		124455		124032.5		123983
524		124501		124084.3		123983
525		124501		124364.9		124029
526		124501		124480.3		124455
527		124783		124529.2		124501
528		124783		124531.4		124501
529		124783		124587.8		124501
530		125509		124795.5		124545
531		125791		124886.0		124783
532		125791		125015.0		124783
533		125791		125367.8		125065
534		125835		125698.9		125509
535		126073		125823.6		125791
536		126187		126000.7		125791
537		126187		126084.4		126073
538		126187		126112.9		126073
539		126187		126152.8		126073
540		126469		126201.1		126187
541		126469		126229.3		126187
542		126469		126281.9		126187
543		126469		126406.3		126187
544		126931		126492.1		126469
545		126931		126538.3		126469
546		126931		126667.9		126469
547		127213		126945.1		126931
548		127213		126987.4		126931
549		127481		127100.2		126931
550		127481		127226.4		127213
551		128129		127312.4		127213
552		128129		127497.8		127213
553		128129		127675.4		127481
554		128129		128064.2		127481
555		128397		128142.4		128129
556		128397		128155.8		128129
557		128397		128182.6		128129
558		128397		128316.6		128129
559		128397		128397.0		128397
560		128397		128397.0		128397
561		128397		128397.0		128397
562		128397		128397.0		128397
563		128397		128397.0		128397
564		128397		128397.0		128397
565		128397		128397.0		128397
566		128397		128397.0		128397
567		128915		128422.9		128397
568		128915		128448.8		128397
569		128915		128500.6		128397
570		128915		128526.5		128397
571		128915		128656.0		128397
572		128915		128915.0		128915
573		128915		128915.0		128915
574		128915		128915.0		128915
575		128915		128915.0		128915
576		128959		128917.2		128915
577		128959		128919.4		128915
578		128959		128926.0		128915
579		128959		128939.2		128915
580		128959		128959.0		128959
581		128959		128959.0		128959
582		128959		128959.0		128959
583		128959		128959.0		128959
584		128959		128959.0		128959
585		129421		128982.1		128959
586		129421		129028.3		128959
587		129421		129120.7		128959
588		129421		129421.0		129421
589		129421		129421.0		129421
590		129893		129444.6		129421
591		129893		129444.6		129421
592		129893		129468.2		129421
593		129893		129515.4		129421
594		129911		129681.5		129421
595		129911		129894.8		129893
596		130383		129922.0		129893
597		130429		130001.4		129893
598		130429		130150.7		129911
599		130901		130421.8		130383
600		130901		130536.9		130383
601		130901		130712.2		130429
602		130901		130901.0		130901
603		130901		130901.0		130901
604		131317		130921.8		130901
605		131317		130963.4		130901
606		131445		131073.8		130901
607		131445		131342.6		131317
608		131445		131361.8		131317
609		132531		131494.5		131317
610		132531		131603.3		131445
611		132531		131785.6		131445
612		132947		132159.3		131861
613		132947		132614.2		132393
614		132947		132704.3		132531
615		132947		132947.0		132947
616		132947		132947.0		132947
617		133353		132967.3		132947
618		133353		133007.9		132947
619		133353		133068.8		132947
620		133353		133190.6		132947
621		133353		133353.0		133353
622		133353		133353.0		133353
623		133353		133353.0		133353
624		133421		133356.4		133353
625		133421		133359.8		133353
626		133421		133370.0		133353
627		133421		133393.8		133353
628		134311		133465.5		133421
629		134311		133643.5		133421
630		134379		134006.3		133421
631		134379		134328.0		134311
632		134379		134348.4		134311
633		134379		134379.0		134379
634		134379		134379.0		134379
635		134379		134379.0		134379
636		134379		134379.0		134379
637		134379		134379.0		134379
638		134379		134379.0		134379
639		134379		134379.0		134379
640		134379		134379.0		134379
641		134379		134379.0		134379
642		134379		134379.0		134379
643		135031		134411.6		134379
644		135031		134476.8		134379
645		135031		134625.4		134379
646		135493		134876.7		134379
647		135493		135118.5		135031
648		135493		135247.8		135031
649		135493		135468.5		135395
650		135493		135493.0		135493
651		135493		135493.0		135493
652		135493		135493.0		135493
653		135493		135493.0		135493
654		135493		135493.0		135493
655		135493		135493.0		135493
656		135493		135493.0		135493
657		135493		135493.0		135493
658		135493		135493.0		135493
659		135493		135493.0		135493
660		135493		135493.0		135493
661		135493		135493.0		135493
662		135634		135500.0		135493
663		135634		135507.1		135493
664		135634		135528.2		135493
665		135634		135584.6		135493
666		135634		135634.0		135634
667		135634		135634.0		135634
668		135634		135634.0		135634
669		135634		135634.0		135634
670		135634		135634.0		135634
671		135634		135634.0		135634
672		135634		135634.0		135634
673		135634		135634.0		135634
674		135634		135634.0		135634
675		135634		135634.0		135634
676		135634		135634.0		135634
677		135634		135634.0		135634
678		135924		135648.5		135634
679		135924		135663.0		135634
680		135924		135677.5		135634
681		137070		135821.8		135634
682		137070		135981.3		135924
683		137070		135981.3		135924
684		137360		136149.4		135924
685		137850		136604.7		135924
686		137850		137419.0		137070
687		137850		137580.5		137360
688		137850		137850.0		137850
689		138178		137866.4		137850
690		138820		137964.1		137850
691		138820		138094.6		137850
692		139148		138354.9		138178
693		139148		138643.8		138178
694		139148		138852.8		138820
695		139148		138902.0		138820
696		139148		139016.8		138820
697		139148		139148.0		139148
698		139148		139148.0		139148
699		139148		139148.0		139148
700		139148		139148.0		139148
701		139148		139148.0		139148
702		139148		139148.0		139148
703		139148		139148.0		139148
704		139654		139173.3		139148
705		139654		139173.3		139148
706		139654		139223.9		139148
707		139654		139451.6		139148
708		139654		139654.0		139654
709		140110		139676.8		139654
710		140110		139722.4		139654
711		140110		139790.8		139654
712		140110		139950.4		139654
713		140110		140110.0		140110
714		140280		140118.5		140110
715		140280		140118.5		140110
716		140280		140135.5		140110
717		140280		140186.5		140110
718		140280		140280.0		140280
719		140280		140280.0		140280
720		140280		140280.0		140280
721		140280		140280.0		140280
722		141196		140325.8		140280
723		141196		140417.4		140280
724		141196		140600.6		140280
725		141524		141120.8		140280
726		141524		141212.4		141196
727		141714		141238.3		141196
728		141714		141290.1		141196
729		141714		141374.7		141196
730		141714		141676.0		141524
731		141714		141714.0		141714
732		141714		141714.0		141714
733		141714		141714.0		141714
734		141714		141714.0		141714
735		141714		141714.0		141714
736		141714		141714.0		141714
737		141714		141714.0		141714
738		141714		141714.0		141714
739		141714		141714.0		141714
740		141714		141714.0		141714
741		141714		141714.0		141714
742		141714		141714.0		141714
743		141714		141714.0		141714
744		141714		141714.0		141714
745		141714		141714.0		141714
746		141714		141714.0		141714
747		141714		141714.0		141714
748		141714		141714.0		141714
749		141714		141714.0		141714
750		141714		141714.0		141714
751		141714		141714.0		141714
752		141714		141714.0		141714
753		141714		141714.0		141714
754		141714		141714.0		141714
755		141714		141714.0		141714
756		141714		141714.0		141714
757		141920		141724.3		141714
758		141920		141765.5		141714
759		141920		141827.3		141714
760		141920		141920.0		141920
761		141920		141920.0		141920
762		141920		141920.0		141920
763		141920		141920.0		141920
764		141920		141920.0		141920
765		141920		141920.0		141920
766		141920		141920.0		141920
767		142526		141950.3		141920
768		142526		141950.3		141920
769		142526		142010.9		141920
770		142526		142162.4		141920
771		142526		142435.1		141920
772		142526		142526.0		142526
773		142526		142526.0		142526
774		142854		142542.4		142526
775		142854		142591.6		142526
776		142854		142624.4		142526
777		142854		142772.0		142526
778		142854		142854.0		142854
779		142854		142854.0		142854
780		142854		142854.0		142854
781		142854		142854.0		142854
782		142854		142854.0		142854
783		142854		142854.0		142854
784		143316		142877.1		142854
785		143316		142877.1		142854
786		143316		142923.3		142854
787		143316		143061.9		142854
788		143316		143316.0		143316
789		143316		143316.0		143316
790		143316		143316.0		143316
791		143316		143316.0		143316
792		143316		143316.0		143316
793		143834		143341.9		143316
794		143834		143367.8		143316
795		143834		143393.7		143316
796		143834		143445.5		143316
797		143972		143607.8		143316
798		143972		143854.7		143834
799		143972		143896.1		143834
800		144352		143991.0		143972
801		144490		144035.9		143972
802		144490		144113.6		143972
803		144490		144320.8		143972
804		144490		144490.0		144490
805		144490		144490.0		144490
806		144490		144490.0		144490
807		144490		144490.0		144490
808		144490		144490.0		144490
809		144490		144490.0		144490
810		144490		144490.0		144490
811		144490		144490.0		144490
812		144490		144490.0		144490
813		144490		144490.0		144490
814		144490		144490.0		144490
815		144490		144490.0		144490
816		144490		144490.0		144490
817		144490		144490.0		144490
818		144490		144490.0		144490
819		144490		144490.0		144490
820		144490		144490.0		144490
821		144490		144490.0		144490
822		144490		144490.0		144490
823		144490		144490.0		144490
824		145008		144515.9		144490
825		145008		144645.4		144490
826		145008		144972.6		144490
827		145008		145008.0		145008
828		145008		145008.0		145008
829		145008		145008.0		145008
830		145008		145008.0		145008
831		145924		145053.8		145008
832		145924		145099.6		145008
833		145924		145374.4		145008
834		145924		145924.0		145924
835		145924		145924.0		145924
836		145924		145924.0		145924
837		145924		145924.0		145924
838		145924		145924.0		145924
839		145924		145924.0		145924
840		145924		145924.0		145924
841		145924		145924.0		145924
842		145924		145924.0		145924
843		145924		145924.0		145924
844		145924		145924.0		145924
845		145924		145924.0		145924
846		145924		145924.0		145924
847		145924		145924.0		145924
848		145924		145924.0		145924
849		145924		145924.0		145924
850		145924		145924.0		145924
851		145924		145924.0		145924
852		145924		145924.0		145924
853		145924		145924.0		145924
854		145924		145924.0		145924
855		145924		145924.0		145924
856		145924		145924.0		145924
857		145924		145924.0		145924
858		145924		145924.0		145924
859		146330		145944.3		145924
860		146330		145964.6		145924
861		146330		146045.8		145924
862		146330		146187.9		145924
863		146330		146330.0		146330
864		146330		146330.0		146330
865		146330		146330.0		146330
866		146330		146330.0		146330
867		146330		146330.0		146330
868		146330		146330.0		146330
869		146330		146330.0		146330
870		146330		146330.0		146330
871		146330		146330.0		146330
872		146330		146330.0		146330
873		147766		146401.8		146330
874		147766		146473.6		146330
875		147766		146689.0		146330
876		147766		147335.2		146330
877		147766		147766.0		147766
878		147766		147766.0		147766
879		147766		147766.0		147766
880		147766		147766.0		147766
881		147766		147766.0		147766
882		147766		147766.0		147766
883		148418		147798.6		147766
884		148418		147831.2		147766
885		148418		147961.6		147766
886		148418		148222.4		147766
887		148418		148418.0		148418
888		148418		148418.0		148418
889		149854		148489.8		148418
890		149854		148561.6		148418
891		149854		148705.2		148418
892		149854		148848.8		148418
893		149854		149351.4		148418
894		149854		149854.0		149854
895		149854		149854.0		149854
896		149854		149854.0		149854
897		149854		149854.0		149854
898		149854		149854.0		149854
899		149854		149854.0		149854
900		149854		149854.0		149854
901		149854		149854.0		149854
902		149854		149854.0		149854
903		149854		149854.0		149854
904		149854		149854.0		149854
905		149854		149854.0		149854
906		149854		149854.0		149854
907		149854		149854.0		149854
908		149854		149854.0		149854
909		149854		149854.0		149854
910		149854		149854.0		149854
911		149854		149854.0		149854
912		149854		149854.0		149854
913		149854		149854.0		149854
914		149854		149854.0		149854
915		149854		149854.0		149854
916		149854		149854.0		149854
917		149854		149854.0		149854
918		149854		149854.0		149854
919		149854		149854.0		149854
920		149854		149854.0		149854
921		149854		149854.0		149854
922		149854		149854.0		149854
923		149854		149854.0		149854
924		149854		149854.0		149854
925		149854		149854.0		149854
926		149854		149854.0		149854
927		149854		149854.0		149854
928		149854		149854.0		149854
929		149854		149854.0		149854
930		149854		149854.0		149854
931		149854		149854.0		149854
932		149854		149854.0		149854
933		149854		149854.0		149854
934		149854		149854.0		149854
935		149854		149854.0		149854
936		149854		149854.0		149854
937		149854		149854.0		149854
938		150182		149870.4		149854
939		150182		149886.8		149854
940		150182		149968.8		149854
941		150182		150106.9		149854
942		150182		150182.0		150182
943		150182		150182.0		150182
944		150182		150182.0		150182
945		150182		150182.0		150182
946		150182		150182.0		150182
947		150182		150182.0		150182
948		150182		150182.0		150182
949		150182		150182.0		150182
950		150182		150182.0		150182
951		150182		150182.0		150182
952		150182		150182.0		150182
953		150182		150182.0		150182
954		150182		150182.0		150182
955		150182		150182.0		150182
956		150182		150182.0		150182
957		150182		150182.0		150182
958		150182		150182.0		150182
959		150182		150182.0		150182
960		150182		150182.0		150182
961		150182		150182.0		150182
962		150182		150182.0		150182
963		150182		150182.0		150182
964		150182		150182.0		150182
965		150182		150182.0		150182
966		150182		150182.0		150182
967		150182		150182.0		150182
968		150182		150182.0		150182
969		150182		150182.0		150182
970		150182		150182.0		150182
971		150182		150182.0		150182
972		150182		150182.0		150182
973		150788		150212.3		150182
974		150788		150303.2		150182
975		150788		150515.3		150182
976		150788		150788.0		150788
977		150788		150788.0		150788
978		150788		150788.0		150788
979		150788		150788.0		150788
980		150788		150788.0		150788
981		150788		150788.0		150788
982		150788		150788.0		150788
983		150788		150788.0		150788
984		150788		150788.0		150788
985		150788		150788.0		150788
986		150788		150788.0		150788
987		150788		150788.0		150788
988		150788		150788.0		150788
989		150788		150788.0		150788
990		150788		150788.0		150788
991		150788		150788.0		150788
992		150788		150788.0		150788
993		150788		150788.0		150788
994		150788		150788.0		150788
995		150788		150788.0		150788
996		150788		150788.0		150788
997		150788		150788.0		150788
998		150788		150788.0		150788
999		150788		150788.0		150788
1000		150788		150788.0		150788
